function K = getIntrinsic()

%K = [961.9668 0 0; 0 966.7282 0; 660.5078 356.6476 1.0000]';
K = [2679.9 0 0; 0 2676.4 0; 1638.7 1188.8 1]';
%load('cameraParams');
%K = cameraParams.IntrinsicMatrix;
end